price,liquidity
1897,4800736771447958274
1899,4800666790089795741
1901,3530505798301267209
1903,3530505798301267209
1905,3530505798301267209
1907,3530505798301267209
1908,3528777389881033929
1910,3528777389881033929
1912,2799263736620992737
1914,2780098263935417050
1916,2780098263935417050
1895,4801730180159463188
1893,4137838407665693228
1891,4137838407665693228
1889,4137840900297284419
1888,4137840900297284419
1886,4137840900297284419
1884,4137840900297284419
1882,4137840900297284419
1880,4138241914414462090
